49
436.633075775
1.86938608332e+31
57.5975705025
50
437.997452489
1.87522747964e+31
57.7775495017
51
436.549943566
1.86903016389e+31
57.586604285
52
435.520024204
1.86462070197e+31
57.4507445521
53
434.863712903
1.86181079296e+31
57.3641685721
54
433.7435865
1.85701512167e+31
57.2164093596
55
432.76787866
1.85283775912e+31
57.08770083
56
431.971191811
1.84942685099e+31
56.982607493
57
430.830483236
1.84454305988e+31
56.8321332249
58
429.363506284
1.83826239436e+31
56.6386199224
59
427.811408682
1.83161729619e+31
56.4338781015
60
426.918853314
1.82779593982e+31
56.3161384623
61
426.013055451
1.82391788749e+31
56.1966519664
62
424.813050551
1.81878022709e+31
56.0383557431
63
423.023333372
1.81111779249e+31
55.8022688154
64
421.802177454
1.80588957684e+31
55.6411824984
65
420.597208778
1.80073066471e+31
55.4822314887
66
419.786568678
1.7972600176e+31
55.3752975368
67
419.221650431
1.79484139572e+31
55.3007774869
68
418.750565095
1.7928245069e+31
55.2386352161
69
418.0238842
1.78971331989e+31
55.1427765732
70
417.141820722
1.78593688315e+31
55.0264209506
71
416.559015884
1.78344168223e+31
54.9495414274
72
415.763731179
1.78003677719e+31
54.8446330513
73
415.062623891
1.77703508016e+31
54.7521478993
74
414.762293182
1.77574925442e+31
54.7125303802
75
361.230478784
1.54655995474e+31
47.65098918
76
413.225924999
1.76917149964e+31
54.5098634737
77
412.012588553
1.76397676202e+31
54.3498086465
78
407.578194108
1.74499149561e+31
53.7648544576
79
411.340098422
1.76109758551e+31
54.2610984688
80
410.388045624
1.75702149886e+31
54.1355103464
81
409.393265772
1.75276248205e+31
54.004285971
82
409.101684011
1.75151411376e+31
53.9658225518
83
408.242087645
1.74783386695e+31
53.852430633
84
407.860850833
1.74620165256e+31
53.8021405487
85
406.572542301
1.74068593198e+31
53.6321959302
86
406.169278808
1.7389594133e+31
53.5790002408
87
405.792545584
1.73734648042e+31
53.5293042383
88
405.009792625
1.73399522837e+31
53.4260489623
89
404.098856926
1.73009517908e+31
53.305884719
90
403.779560131
1.72872815258e+31
53.263765327
91
402.841750476
1.72471304604e+31
53.1400560601
92
401.570253769
1.71926930304e+31
52.9723291395
93
401.133892856
1.71740108219e+31
52.9147674709
94
400.722610316
1.71564023103e+31
52.8605139651
95
400.718206846
1.71562137816e+31
52.8599330903
96
399.443060503
1.71016200973e+31
52.6917247353
97
398.306864792
1.70529753985e+31
52.5418457724
98
397.823576428
1.70322840539e+31
52.4780937638
99
396.90295372
1.69928688246e+31
52.3566516783
100
396.367864506
1.6969959696e+31
52.2860664651
101
395.643082624
1.69389291296e+31
52.1904583266
102
395.449931958
1.69306596423e+31
52.1649792466
103
394.364623208
1.68841936006e+31
52.0218129343
104
393.862292629
1.68626869891e+31
51.9555490104
105
393.061137711
1.68283866133e+31
51.8498662771
106
392.11186385
1.67877447233e+31
51.7246447326
107
391.363633896
1.67557102591e+31
51.6259434891
108
390.870252313
1.67345867869e+31
51.5608600539
109
390.359778738
1.67127315439e+31
51.4935219631
110
389.527834238
1.66771129534e+31
51.3837776842
111
388.908903639
1.66506142681e+31
51.302132704
112
387.987085415
1.66111478544e+31
51.1805329144
