63
152.28366885
6.51982149452e+30
20.0881926716
64
149.364232325
6.39482972651e+30
19.7030810976
65
161.532926298
6.91581607473e+30
21.308289791
66
161.435446344
6.91164260094e+30
21.2954309197
67
161.260584546
6.90415612705e+30
21.2723643786
68
161.099108465
6.89724274472e+30
21.2510635875
69
160.848810733
6.88652658229e+30
21.2180460676
70
160.766105278
6.8829856589e+30
21.2071361445
71
160.590131219
6.87545156506e+30
21.1839228819
72
160.377776796
6.86635989461e+30
21.1559105769
73
160.187157503
6.85819878469e+30
21.1307654179
74
159.989178314
6.84972257064e+30
21.1046493929
75
159.746846752
6.83934746909e+30
21.0726827142
76
159.634503074
6.83453762488e+30
21.0578631249
77
159.507342592
6.82909341899e+30
21.0410890066
78
157.983821907
6.76386591965e+30
20.8401168518
79
159.322437215
6.82117694273e+30
21.0166975872
80
159.037079949
6.80895975323e+30
20.9790552596
81
158.860321464
6.80139207527e+30
20.9557385211
82
158.669796075
6.7932349857e+30
20.9306057491
83
158.536374614
6.78752272438e+30
20.9130057264
84
158.35266593
6.77965748291e+30
20.8887721664
85
158.167806974
6.7717429941e+30
20.8643868705
86
157.922337673
6.76123355445e+30
20.8320062833
87
157.868012515
6.75890769552e+30
20.8248400898
88
157.690286947
6.75129861318e+30
20.8013957804
89
157.636464313
6.74899426909e+30
20.7942958762
90
157.569886388
6.74614382435e+30
20.7855133837
91
157.508413508
6.74351194524e+30
20.7774043129
92
157.346013039
6.73655898649e+30
20.7559815829
93
157.134651175
6.72750981114e+30
20.7281002095
94
157.182095944
6.72954109545e+30
20.7343587904
95
157.03508971
6.72324722024e+30
20.7149667598
96
156.946972089
6.71947458221e+30
20.7033429018
97
156.809134841
6.71357326491e+30
20.6851603796
98
156.564075989
6.70308139808e+30
20.6528339359
99
156.424085481
6.69708789182e+30
20.6343673708
100
156.428645098
6.69728310572e+30
20.6349688434
101
156.210843909
6.6879582393e+30
20.6062380395
102
156.198592005
6.68743369042e+30
20.6046218543
103
156.108844022
6.68359125063e+30
20.5927829303
104
155.937284231
6.67624614776e+30
20.5701519669
105
155.810382516
6.67081302066e+30
20.5534119834
106
155.962323614
6.67731817543e+30
20.5734549865
107
155.703465631
6.66623551729e+30
20.5393082584
108
155.514403841
6.65814108978e+30
20.5143685542
109
155.503484258
6.6576735824e+30
20.5129281194
110
155.377982411
6.6523003888e+30
20.4963727967
111
155.353225782
6.65124046685e+30
20.493107076
112
155.385913239
6.65263993659e+30
20.4974189759
113
155.165553517
6.64320552999e+30
20.4683506682
114
155.015219643
6.63676918634e+30
20.4485196787
115
154.937263419
6.63343159494e+30
20.4382362409
116
154.932468925
6.6332263251e+30
20.4376037849
117
154.954072649
6.63415125963e+30
20.4404535965
118
154.748323296
6.62534237639e+30
20.413312586
119
154.517226816
6.61544828988e+30
20.3828279605
120
154.521614413
6.61563613895e+30
20.3834067415
121
154.302690622
6.60626320983e+30
20.3545278517
122
154.075132523
6.59652061432e+30
20.3245099845
123
154.285269711
6.60551735681e+30
20.3522298073
124
154.129382107
6.59884323766e+30
20.3316662089
125
153.940912511
6.59077416413e+30
20.3068046227
126
153.921980817
6.58996362898e+30
20.3043072865
127
153.749368301
6.5825734551e+30
20.281537455
128
153.710898888
6.58092643868e+30
20.2764628401
129
153.687808628
6.57993786009e+30
20.2734169351
130
153.497559129
6.57179258238e+30
20.2483205566
131
153.391398657
6.56724746381e+30
20.2343166122
132
153.239321479
6.56073648297e+30
20.2142556585
133
153.123359117
6.55577170962e+30
20.1989587176
134
153.085425225
6.55414762078e+30
20.1939547448
135
152.988435749
6.54999514618e+30
20.181160574
136
152.908928449
6.54659114754e+30
20.1706725291
137
152.962960458
6.54890445566e+30
20.1778000524
138
152.696972486
6.53751653661e+30
20.1427127862
139
152.539691471
6.53078276041e+30
20.1219653786
140
152.400870786
6.52483933858e+30
20.1036531284
141
152.308488569
6.52088411758e+30
20.0914667147
142
152.420672191
6.52568710924e+30
20.1062651908
143
152.061172804
6.51029562406e+30
20.058842555
144
152.155070856
6.51431574351e+30
20.071228927
145
152.018489353
6.50846818922e+30
20.0532120538
146
151.832613684
6.50051017119e+30
20.0286926402
147
151.720963699
6.49573002651e+30
20.0139645579
148
151.552926554
6.48853574099e+30
19.9917982772
149
151.560029636
6.48883984995e+30
19.9927352659
150
151.541345361
6.48803990773e+30
19.9902705676
151
151.323563664
6.4787158758e+30
19.9615423347
152
151.300228151
6.47771679704e+30
19.9584640777
153
151.135108758
6.4706474312e+30
19.9366826864
154
151.044726538
6.46677783738e+30
19.9247600983
155
149.655246603
6.4072891134e+30
19.7414696585
156
150.849622178
6.45842470531e+30
19.8990233006
157
150.8724822
6.45940342655e+30
19.9020388342
158
150.765250685
6.45481245275e+30
19.8878936055
159
150.734499775
6.45349589368e+30
19.8838371613
160
150.630302079
6.44903480875e+30
19.8700921326
161
150.497708892
6.4433580089e+30
19.8526013701
162
150.406467585
6.43945163444e+30
19.8405654574
163
150.290884394
6.43450309478e+30
19.8253185341
164
150.191708461
6.43025700993e+30
19.8122359411
165
150.155185443
6.42869332579e+30
19.807418081
166
150.174854065
6.42953541153e+30
19.8100126276
167
150.056792091
6.4244807461e+30
19.7944387206
168
149.942532447
6.41958887235e+30
19.7793663904
169
149.780546592
6.41265366475e+30
19.7579983535
170
149.773035859
6.41233210278e+30
19.7570075904
171
149.663139845
6.40762705198e+30
19.7425108795
172
149.53910191
6.40231653379e+30
19.7261486658
173
149.34287185
6.39391520635e+30
19.7002633736
174
149.32536736
6.39316577505e+30
19.6979543042
175
101.866144434
4.3612626558e+30
13.4374667458
33
301.74746584
1.29189139489e+31
39.8044076409
34
301.370430559
1.29027716879e+31
39.7546717931
35
300.693012841
1.28737689549e+31
39.6653116028
36
300.504006959
1.28656769209e+31
39.6403792736
37
299.915856824
1.284049606e+31
39.5627946361
38
299.665014367
1.28297565759e+31
39.52970526
39
299.215179494
1.28104974977e+31
39.470366201
40
298.586257021
1.27835710237e+31
39.3874031629
41
298.22457144
1.27680859395e+31
39.3396921399
42
297.819716503
1.27507526172e+31
39.2862865184
43
297.421707815
1.27337124078e+31
39.233784006
44
296.675621448
1.27017697185e+31
39.1353655295
45
296.558367827
1.26967496616e+31
39.1198982548
46
296.060048046
1.2675414767e+31
39.0541634072
47
295.578494379
1.26547976912e+31
38.9906402276
48
295.066144074
1.26328620985e+31
38.9230545717
49
294.775639854
1.26204245491e+31
38.8847332941
50
294.574870479
1.2611828877e+31
38.8582492075
51
293.957742264
1.25854073583e+31
38.7768419851
52
293.651913407
1.2572313705e+31
38.736499189
53
293.240822022
1.25547133775e+31
38.6822708991
54
292.709993336
1.25319866577e+31
38.6122477048
55
292.377154135
1.25177365927e+31
38.5683418938
56
292.049305757
1.25037002031e+31
38.525094437
57
291.62273755
1.24854372562e+31
38.4688245533
58
264.037216023
1.13044000672e+31
34.8299361842
59
290.840283905
1.24519375505e+31
38.3656087607
60
290.592681331
1.24413367776e+31
38.3329467672
61
290.263354644
1.24272370962e+31
38.2895043022
62
289.773267227
1.24062546593e+31
38.2248554103
63
289.321128154
1.23868969299e+31
38.1652123975
