63
158.2588232
6.77563973201e+30
20.8763930921
64
154.843349207
6.62941078362e+30
20.4258477372
65
169.139741774
7.24149169982e+30
22.3117274941
66
169.024618838
7.23656286537e+30
22.2965412845
67
168.81813128
7.2277223769e+30
22.2693028952
68
168.627476274
7.21955973795e+30
22.2441530251
69
168.331998712
7.20690926155e+30
22.2051756991
70
168.234377768
7.20272975147e+30
22.1922982294
71
168.026689617
7.19383786121e+30
22.1649014664
72
167.776104393
7.18310939018e+30
22.1318460226
73
167.551204513
7.17348060278e+30
22.102178809
74
167.317658509
7.16348164315e+30
22.0713710595
75
167.031844269
7.15124488895e+30
22.0336684512
76
166.899361728
7.14557282624e+30
22.0161922843
77
166.749421237
7.13915332477e+30
21.9964131872
78
164.954217002
7.06229405781e+30
21.7596024456
79
166.531419578
7.12981987548e+30
21.9676559386
80
166.195052297
7.11541876047e+30
21.9232847279
81
165.986737184
7.10650002767e+30
21.8958052604
82
165.762232138
7.09688814456e+30
21.8661901306
83
165.60503688
7.09015803995e+30
21.8454540356
84
165.388623051
7.08089257147e+30
21.8169062424
85
165.170888317
7.07157055021e+30
21.7881842046
86
164.881817265
7.05919435996e+30
21.7500519805
87
164.817850755
7.05645571943e+30
21.7416139675
88
164.608604211
7.04749710866e+30
21.7140116322
89
164.545242035
7.04478434189e+30
21.7056533387
90
164.466867884
7.0414288575e+30
21.6953147708
91
164.394507282
7.03833083516e+30
21.6857694681
92
164.20336187
7.03014720013e+30
21.660554907
93
163.954629152
7.01949804167e+30
21.6277438328
94
164.010458651
7.02188830696e+30
21.6351084684
95
163.837480064
7.01448246024e+30
21.6122903474
96
163.733804857
7.01004374499e+30
21.5986142418
97
163.571647769
7.00310120626e+30
21.577223617
98
163.283399298
6.99076023372e+30
21.539199902
99
163.118764419
6.98371161169e+30
21.5174824244
100
163.124126406
6.98394117798e+30
21.5181897401
101
162.868022117
6.97297641557e+30
21.48440626
102
162.853617022
6.97235968071e+30
21.4825060409
103
162.748101182
6.96784216122e+30
21.468587132
104
162.546423311
6.95920759306e+30
21.4419832029
105
162.397263186
6.95282150191e+30
21.4223070462
106
162.575856557
6.9604677381e+30
21.4458658301
107
162.271606268
6.94744166913e+30
21.4057312676
108
162.049435667
6.93792973215e+30
21.3764240814
109
162.036604973
6.93738040316e+30
21.3747315463
110
161.889147198
6.93106719585e+30
21.3552799517
111
161.860061475
6.92982192955e+30
21.3514431672
112
161.898464995
6.93146612486e+30
21.35650909
113
161.639592707
6.92038285428e+30
21.3223604749
114
161.463014189
6.91282288133e+30
21.2990674763
115
161.371458116
6.90890303058e+30
21.2869900418
116
161.365827409
6.9086619594e+30
21.2862472784
117
161.391199255
6.90974822103e+30
21.2895941543
118
161.149583187
6.89940375241e+30
21.2577218585
119
160.878255079
6.88778720256e+30
21.2219301591
120
160.883405983
6.88800773162e+30
21.2226096302
121
160.626421226
6.87700527315e+30
21.1887100049
122
160.359355416
6.86557120789e+30
21.1534805578
123
160.605973805
6.87612984419e+30
21.1860127246
124
160.42301855
6.86829685978e+30
21.1618785516
125
160.201858737
6.85882819834e+30
21.1327047014
126
160.179645435
6.85787716554e+30
21.1297744786
127
159.977130187
6.84920674621e+30
21.1030600886
128
159.93200086
6.84727459446e+30
21.0971069445
129
159.904913928
6.84611490372e+30
21.0935338266
130
159.681756264
6.83656070696e+30
21.064096434
131
159.557249861
6.83123013193e+30
21.0476724232
132
159.378913059
6.82359488041e+30
21.0241474841
133
159.242944031
6.81777354843e+30
21.0062114043
134
159.198468689
6.81586939618e+30
21.0003445294
135
159.084761155
6.81100116028e+30
20.9853450297
136
158.991556858
6.80701074303e+30
20.973050173
137
159.054896395
6.80972254054e+30
20.9814054802
138
158.743120305
6.79637426447e+30
20.9402781668
139
158.558800866
6.78848287435e+30
20.9159640402
140
158.396137898
6.78151867705e+30
20.8945066832
141
158.287900911
6.77688465529e+30
20.8802288197
142
158.419338873
6.78251199575e+30
20.897567193
143
157.998186839
6.764480935e+30
20.8420117729
144
158.108174238
6.7691898983e+30
20.8565205385
145
157.948192844
6.76234050901e+30
20.835416916
146
157.730505154
6.75302050187e+30
20.8067010839
147
157.599765084
6.74742304073e+30
20.7894547716
148
157.403022851
6.73899978531e+30
20.7635019172
149
157.411338686
6.73935581665e+30
20.7645988838
150
157.389464451
6.73841930055e+30
20.7617133882
151
157.134529717
6.72750461107e+30
20.7280841876
152
157.107216368
6.72633522659e+30
20.7244812023
153
156.913967703
6.7180615436e+30
20.6989891949
154
156.808201181
6.7135332915e+30
20.6850372177
155
155.183375587
6.64396855805e+30
20.4707016305
156
156.579918688
6.70375968205e+30
20.6549237936
157
156.606663914
6.70490474311e+30
20.6584518361
158
156.481212831
6.69953372287e+30
20.6419032098
159
156.445239467
6.69799357143e+30
20.6371578561
160
156.323353727
6.69277519658e+30
20.6210795449
161
156.168269986
6.68613549375e+30
20.6006219863
162
156.061563829
6.68156701243e+30
20.5865460591
163
155.926403548
6.67578030587e+30
20.5687166636
164
155.810441633
6.67081555166e+30
20.5534197817
165
155.767739746
6.66898732752e+30
20.5477868485
166
155.790735666
6.66997186706e+30
20.5508203089
167
155.652708023
6.66406239823e+30
20.5326126711
168
155.519140863
6.65834389902e+30
20.5149934289
169
155.32980831
6.65023787913e+30
20.4900180074
170
155.321030332
6.64986206175e+30
20.4888600782
171
155.192599549
6.64436346964e+30
20.4719183908
172
155.047658345
6.63815800595e+30
20.4527987646
173
154.818395076
6.62834240589e+30
20.4225559634
174
154.797946048
6.62746690812e+30
20.4198584711
175
100.924151952
4.32093250827e+30
13.3132057097
33
336.064803056
1.43881648181e+31
44.3313098832
34
335.632231551
1.4369644848e+31
44.2742480866
35
334.854585132
1.43363509572e+31
44.1716664295
36
334.637512377
1.43270572777e+31
44.1430317154
37
333.961739597
1.42981249704e+31
44.0538885137
38
333.673396271
1.42857799368e+31
44.0158522861
39
333.156116722
1.42636333051e+31
43.9476163989
40
332.432481507
1.42326518318e+31
43.8521595208
41
332.016108437
1.4214825376e+31
43.797234508
42
331.549849496
1.41948631234e+31
43.7357289013
43
331.091280981
1.4175230126e+31
43.6752377616
44
330.231155948
1.41384050238e+31
43.5617761048
45
330.095919202
1.41326150435e+31
43.5439366225
46
329.520988266
1.41080001448e+31
43.468095769
47
328.965118763
1.40842013359e+31
43.394769366
48
328.373396667
1.40588675462e+31
43.3167135406
49
328.037750044
1.40444972852e+31
43.272437394
50
327.805724132
1.40345634063e+31
43.2418301644
51
327.092221601
1.40040157503e+31
43.1477099188
52
326.73846698
1.39888702196e+31
43.1010450923
53
326.26278203
1.3968504405e+31
43.0382960727
54
325.648254587
1.39421942349e+31
42.9572319259
55
325.262768001
1.39256901426e+31
42.9063812413
56
324.882936506
1.39094281654e+31
42.8562765367
57
324.388547025
1.38882615414e+31
42.7910601466
58
292.016155546
1.25022809212e+31
38.5207214939
59
323.481146926
1.38494124204e+31
42.6713622948
60
323.193860418
1.3837112633e+31
42.6334654752
61
322.81164382
1.38207485409e+31
42.5830461445
62
322.242621202
1.3796386599e+31
42.5079846749
63
321.71741915
1.37739007759e+31
42.4387037067
