49
476.559009914
2.04032362742e+31
62.8643194825
50
477.818694656
2.04571679907e+31
63.0304882515
51
476.482148665
2.03999455626e+31
62.854180486
52
475.528890833
2.03591331042e+31
62.728433404
53
474.92043815
2.03330830168e+31
62.648170597
54
473.880205
2.02885468266e+31
62.5109503415
55
472.972252668
2.02496740625e+31
62.3911796431
56
472.229620798
2.02178792728e+31
62.2932168595
57
471.164322517
2.01722699525e+31
62.1526901879
58
469.790885466
2.01134680831e+31
61.9715160127
59
468.333541032
2.00510738314e+31
61.7792733645
60
467.493511925
2.00151091093e+31
61.6684626211
61
466.639554033
1.99785480449e+31
61.5558144902
62
465.505953101
1.9930014438e+31
61.4062778123
63
463.810457162
1.98574240483e+31
61.1826198892
64
462.650281053
1.98077526608e+31
61.0295776005
65
461.5028528
1.97586270556e+31
60.8782169195
66
460.729452403
1.97255149526e+31
60.7761953678
67
460.189786417
1.97024098756e+31
60.705006419
68
459.739319756
1.96831237483e+31
60.6455840191
69
459.043661347
1.96533400645e+31
60.5538176448
70
458.197976964
1.96171332193e+31
60.4422608971
71
457.638440767
1.95931774258e+31
60.3684508095
72
456.873922118
1.95604455829e+31
60.2676008757
73
456.198993936
1.9531549436e+31
60.1785690875
74
455.909606983
1.95191597209e+31
60.1403951919
75
401.768608783
1.72011853349e+31
52.9984947407
76
454.426685224
1.94556704102e+31
59.9447785625
77
453.252558586
1.94054017494e+31
59.789896018
78
448.938968364
1.92207211566e+31
59.2208774742
79
452.600660775
1.9377491617e+31
59.7039022346
80
451.676371312
1.93379194006e+31
59.5819764565
81
450.708861458
1.92964967609e+31
59.4543493478
82
450.424936091
1.92843408763e+31
59.4168959063
83
449.587022913
1.92484667449e+31
59.3063642815
84
449.214978225
1.92325381494e+31
59.2572867577
85
447.955803031
1.91786282485e+31
59.0911852046
86
447.561047058
1.91617272998e+31
59.0391117676
87
447.191998225
1.91459269679e+31
58.990429436
88
446.424398006
1.91130631917e+31
58.8891730031
89
445.529714212
1.90747585023e+31
58.771152597
90
445.21576217
1.90613170658e+31
58.7297382474
91
444.29259528
1.90217929108e+31
58.6079605512
92
443.038438059
1.89680978477e+31
58.4425209339
93
442.607361417
1.89496418781e+31
58.3856563292
94
442.200747854
1.89322332626e+31
58.3320187221
95
442.196392738
1.89320468041e+31
58.3314442257
96
440.933791008
1.88779902007e+31
58.1648906681
97
439.806327035
1.88297193394e+31
58.0161635348
98
439.326054551
1.88091571158e+31
57.9528093598
99
438.410024601
1.87699385193e+31
57.8319731187
100
437.876910765
1.87471139638e+31
57.7616484836
101
437.153991426
1.87161631397e+31
57.6662860387
102
436.961179305
1.87079081468e+31
57.6408516171
103
435.876538534
1.86614707037e+31
57.49777342
104
435.373808067
1.86399469715e+31
57.4314567456
105
434.571087611
1.86055795694e+31
57.3255674976
106
433.618483636
1.85647951049e+31
57.1999066678
107
432.866502222
1.8532600027e+31
57.1007105581
108
432.370103967
1.85113474e+31
57.0352291846
109
431.856055297
1.84893390941e+31
56.9674194923
110
431.017295672
1.84534287232e+31
56.8567762101
111
430.39250059
1.84266789579e+31
56.7743576285
112
429.460692774
1.83867848532e+31
56.651440082
