        L1_SingleJet   1.07  11.0    0.0    0.0    0.0    0.0   0.0   0.0
       L1_SingleJetC   1.07  11.0    0.0    0.0    0.0    0.0   0.0   0.0 	  
        L1_DoubleJet   1.07  11.0    1.07  11.0    0.0    0.0   0.0   0.0
         L1_QuadJetC   1.07  11.0    1.07  11.0    1.07  11.0   1.07 11.0
           L1_SixJet   1.07  11.0    1.07  11.0    1.07  11.0   1.07 11.0
   L1_SingleCJet_ETM   1.07  11.0    1.07  11.0    1.05  57.0   0.0   0.0
   L1_DoubleCJet_ETM   1.07  11.0    1.07  11.0    1.05  57.0   0.0   0.0
     L1_DoubleFwdJet   0.0    0.0    0.0    0.0    0.0    0.0   0.0   0.0
	    
              L1_ETM   1.05  57.0    0.0    0.0    0.0    0.0   0.0   0.0
              L1_HTT   1.6   40.0    0.0    0.0    0.0    0.0   0.0   0.0
          L1_HTT_ETM   1.6   40.0    1.05  57.0    0.0    0.0   0.0   0.0
              L1_HTM   1.0   68.0    0.0    0.0    0.0    0.0   0.0   0.0

         L1_SingleEG   1.2    4.5    0.0    0.0    0.0    0.0   0.0   0.0
      L1_SingleIsoEG   1.2    4.5    0.0    0.0    0.0    0.0   0.0   0.0
    L1_SingleEG_CJet   1.2    4.5    1.07  11.0    0.0    0.0   0.0   0.0
 L1_SingleIsoEG_CJet   1.2    4.5    1.07  11.0    0.0    0.0   0.0   0.0
     L1_SingleEG_ETM   1.2    4.5    1.05  57.0    0.0    0.0   0.0   0.0
  L1_SingleIsoEG_ETM   1.2    4.5    1.05  57.0    0.0    0.0   0.0   0.0
     L1_SingleEG_HTM   1.2    4.5    1.0   68.0    0.0    0.0   0.0   0.0
  L1_SingleIsoEG_HTM   1.2    4.5    1.0   68.0    0.0    0.0   0.0   0.0

         L1_SingleMu   0.8    8.0    0.0    0.0    0.0    0.0   0.0   0.0
      L1_SingleIsoMu   0.8    8.0    0.0    0.0    0.0    0.0   0.0   0.0
    L1_SingleMu_CJet   0.8    8.0    1.07  11.0    0.0    0.0   0.0   0.0
 L1_SingleIsoMu_CJet   0.8    8.0    1.07  11.0    0.0    0.0   0.0   0.0
     L1_SingleMu_ETM   0.8    8.0    1.05  57.0    0.0    0.0   0.0   0.0
  L1_SingleIsoMu_ETM   0.8    8.0    1.05  57.0    0.0    0.0   0.0   0.0
     L1_SingleMu_HTM   0.8    8.0    1.0   68.0    0.0    0.0   0.0   0.0
  L1_SingleIsoMu_HTM   0.8    8.0    1.0   68.0    0.0    0.0   0.0   0.0

        L1_SingleTau   0.9   -4.0    0.0    0.0    0.0    0.0   0.0   0.0
     L1_SingleIsoTau   0.0    0.0    0.0    0.0    0.0    0.0   0.0   0.0	  
   L1_SingleTau_CJet   0.9   -4.0    1.07  11.0    0.0    0.0   0.0   0.0
    L1_SingleTau_ETM   0.9   -4.0    1.05  57.0    0.0    0.0   0.0   0.0
L1_SingleIsoTau_CJet   0.0    0.0    1.07  11.0    0.0    0.0   0.0   0.0
 L1_SingleIsoTau_ETM   0.0    0.0    1.05  57.0    0.0    0.0   0.0   0.0
    L1_SingleTau_HTM   0.9   -4.0    1.0   68.0    0.0    0.0   0.0   0.0
 L1_SingleIsoTau_HTM   0.0    0.0    1.0   68.0    0.0    0.0   0.0   0.0
L1_SingleTau_TwoFJet   0.9   -4.0    0.0    0.0    0.0    0.0   0.0   0.0

        L1_DoubleTau   0.9   -4.0    0.9   -4.0    0.0    0.0   0.0   0.0
       L1_isoTau_Tau   0.0    0.0    0.9   -4.0    0.0    0.0   0.0   0.0
     L1_DoubleIsoTau   0.0    0.0    0.9   -4.0    0.0    0.0   0.0   0.0

         L1_DoubleEG   1.2    4.5    1.2    4.5    0.0    0.0   0.0   0.0
         L1_isoEG_EG   1.2    4.5    1.2    4.5    0.0    0.0   0.0   0.0
      L1_DoubleIsoEG   1.2    4.5    1.2    4.5    0.0    0.0   0.0   0.0

         L1_DoubleMu   0.8    8.0    0.8    8.0    0.0    0.0   0.0   0.0
         L1_IsoMu_Mu   0.0    0.0    0.8    8.0    0.0    0.0   0.0   0.0
      L1_DoubleIsoMu   0.0    0.0    0.0    0.0    0.0    0.0   0.0   0.0

            L1_EG_Mu   1.2    4.5    0.8    8.0    0.0    0.0   0.0   0.0
         L1_isoEG_Mu   1.2    4.5    0.8    8.0    0.0    0.0   0.0   0.0
      L1_isoEG_isoMu   1.2    4.5    0.0    0.0    0.0    0.0   0.0   0.0

           L1_EG_Tau   1.2    4.5    0.9   -4.0    0.0    0.0   0.0   0.0
        L1_isoEG_Tau   1.2    4.5    0.9   -4.0    0.0    0.0   0.0   0.0
     L1_isoEG_isoTau   1.2    4.5    0.0    0.0    0.0    0.0   0.0   0.0

            L1_Mu_EG   0.8    8.0    1.2    4.5    0.0    0.0   0.0   0.0
         L1_isoMu_EG   0.0    0.0    1.2    4.5    0.0    0.0   0.0   0.0
      L1_isoMu_isoEG   0.0    0.0    1.2    4.5    0.0    0.0   0.0   0.0
				
           L1_Mu_Tau   0.8    8.0    0.9   -4.0    0.0    0.0   0.0   0.0
        L1_isoMu_Tau   0.0    0.0    0.9   -4.0    0.0    0.0   0.0   0.0
     L1_isoMu_isoTau   0.0    0.0    0.0    0.0    0.0    0.0   0.0   0.0
