        L1_SingleJet   1.04  18.0    0.0    0.0    0.0    0.0   0.0   0.0
       L1_SingleJetC   1.04  18.0    0.0    0.0    0.0    0.0   0.0   0.0 	  
        L1_DoubleJet   1.04  18.0    1.04  18.0    0.0    0.0   0.0   0.0
         L1_QuadJetC   1.04  18.0    1.04  18.0    1.04  18.0   1.04 18.0
           L1_SixJet   1.04  18.0    1.04  18.0    1.04  18.0   1.04 18.0
   L1_SingleCJet_ETM   1.04  18.0    1.04  18.0    0.0    0.0   0.0   0.0
   L1_DoubleCJet_ETM   1.04  18.0    1.04  18.0    0.0    0.0   0.0   0.0
     L1_DoubleFwdJet   0.0    0.0    0.0    0.0    0.0    0.0   0.0   0.0
	    
              L1_ETM   0.0    0.0    0.0    0.0    0.0    0.0   0.0   0.0
              L1_HTT   1.14  27.0    0.0    0.0    0.0    0.0   0.0   0.0
          L1_HTT_ETM   1.14  27.0    0.0    0.0    0.0    0.0   0.0   0.0
              L1_HTM   1.09  50.0    0.0    0.0    0.0    0.0   0.0   0.0

         L1_SingleEG   1.2    6.4    0.0    0.0    0.0    0.0   0.0   0.0
      L1_SingleIsoEG   0.92  10.0    0.0    0.0    0.0    0.0   0.0   0.0
    L1_SingleEG_CJet   1.2    6.4    1.04  18.0    0.0    0.0   0.0   0.0
 L1_SingleIsoEG_CJet   0.92  10.0    1.04  18.0    0.0    0.0   0.0   0.0
     L1_SingleEG_ETM   1.2    6.4    0.0    0.0    0.0    0.0   0.0   0.0
  L1_SingleIsoEG_ETM   0.92  10.0    0.0    0.0    0.0    0.0   0.0   0.0
     L1_SingleEG_HTM   1.2    6.4    1.09  50.0    0.0    0.0   0.0   0.0
  L1_SingleIsoEG_HTM   0.92  10.0    1.09  50.0    0.0    0.0   0.0   0.0

         L1_SingleMu   1.3   -2.2    0.0    0.0    0.0    0.0   0.0   0.0
      L1_SingleIsoMu   1.3   -2.2    0.0    0.0    0.0    0.0   0.0   0.0
    L1_SingleMu_CJet   1.3   -2.2    1.04  18.0    0.0    0.0   0.0   0.0
 L1_SingleIsoMu_CJet   1.3   -2.2    1.04  18.0    0.0    0.0   0.0   0.0
     L1_SingleMu_ETM   1.3   -2.2    0.0    0.0    0.0    0.0   0.0   0.0
  L1_SingleIsoMu_ETM   1.3   -2.2    0.0    0.0    0.0    0.0   0.0   0.0
     L1_SingleMu_HTM   1.3   -2.2    1.09  50.0    0.0    0.0   0.0   0.0
  L1_SingleIsoMu_HTM   1.3   -2.2    1.09  50.0    0.0    0.0   0.0   0.0

        L1_SingleTau   1.2    28.0   0.0    0.0    0.0    0.0   0.0   0.0
     L1_SingleIsoTau   0.8    42.0   0.0    0.0    0.0    0.0   0.0   0.0	  
   L1_SingleTau_CJet   1.2    28.0   1.04  18.0    0.0    0.0   0.0   0.0
    L1_SingleTau_ETM   1.2    28.0   0.0    0.0    0.0    0.0   0.0   0.0
L1_SingleIsoTau_CJet   0.8    42.0   1.04  18.0    0.0    0.0   0.0   0.0
 L1_SingleIsoTau_ETM   0.8    42.0   0.0    0.0    0.0    0.0   0.0   0.0
    L1_SingleTau_HTM   1.2    28.0   1.09  50.0    0.0    0.0   0.0   0.0
 L1_SingleIsoTau_HTM   0.8    42.0   1.09  50.0    0.0    0.0   0.0   0.0
L1_SingleTau_TwoFJet   1.2    28.0   0.0    0.0    0.0    0.0   0.0   0.0

        L1_DoubleTau   1.2    28.0   1.2    28.0   0.0    0.0   0.0   0.0
       L1_isoTau_Tau   0.8    42.0   1.2    28.0   0.0    0.0   0.0   0.0
     L1_DoubleIsoTau   0.8    42.0   0.8    42.0   0.0    0.0   0.0   0.0		 		  

         L1_DoubleEG   1.2    6.4    1.2    6.4    0.0    0.0   0.0   0.0
         L1_isoEG_EG   0.92  10.0    1.2    6.4    0.0    0.0   0.0   0.0
      L1_DoubleIsoEG   0.92  10.0    0.92  10.0    0.0    0.0   0.0   0.0
         
         L1_DoubleMu   1.3   -2.2    1.3   -2.2    0.0    0.0   0.0   0.0
         L1_isoMu_Mu   1.3   -2.2    1.3   -2.2    0.0    0.0   0.0   0.0
      L1_DoubleIsoMu   1.3   -2.2    1.3   -2.2    0.0    0.0   0.0   0.0

            L1_EG_Mu   1.2    6.4    1.3   -2.2    0.0    0.0   0.0   0.0				
         L1_isoEG_Mu   0.92  10.0    1.3   -2.2    0.0    0.0   0.0   0.0
      L1_isoEG_isoMu   0.92  10.0    1.3   -2.2    0.0    0.0   0.0   0.0
			
           L1_EG_Tau   1.2    6.4    1.2    28.0   0.0    0.0   0.0   0.0
        L1_isoEG_Tau   0.92  10.0    1.2    28.0   0.0    0.0   0.0   0.0
     L1_isoEG_isoTau   0.92  10.0    0.8    42.0   0.0    0.0   0.0   0.0		  

            L1_Mu_EG   1.3   -2.2    1.2    6.4    0.0    0.0   0.0   0.0
         L1_isoMu_EG   1.3   -2.2    1.2    6.4    0.0    0.0   0.0   0.0				
      L1_isoMu_isoEG   1.3   -2.2    0.92   10.0   0.0    0.0   0.0   0.0		

           L1_Mu_Tau   1.3   -2.2    1.2    28.0   0.0    0.0   0.0   0.0
        L1_isoMu_Tau   1.3   -2.2    1.2    28.0   0.0    0.0   0.0   0.0
     L1_isoMu_isoTau   1.3   -2.2    0.8    42.0   0.0    0.0   0.0   0.0		  
