        L1_SingleJet 00		1		128.   -1.   -1.   -1.  -1.   -1  5.0 1 0
        L1_DoubleJet 01		1		 56.   56.   -1.   -1.  -1.   -1  5.0 1 0
         L1_QuadJetC 02		1 		 36.   36.   36.   36.  -1.   -1  5.0 1 0
           L1_SixJet 03		1 		 32.   32.   32.   20.  -1.   -1  5.0 1 0
   L1_SingleCJet_ETM 04		0		 60.   20.   -1.   -1.   4.5  -1  0.1 1 0
   L1_DoubleCJet_ETM 05		0		 36.   36.   30.   -1.   4.5  -1  0.1 1 0
     L1_DoubleFwdJet 06		1 		 36.   36.   36.   36.  -1.   -1  5.0 1 0	
	    
              L1_ETM 10		1		 36.   -1.   -1.   -1.  -1.   -1  5.0 1 0
              L1_HTT 11		1		150.   -1.   -1.   -1.  -1.   -1  5.0 1 0
          L1_HTT_ETM 12		0		 75.   50.   -1.   -1.  -1.   -1  0.1 1 0

         L1_SingleEG 20		1		 22.   -1.   -1.   -1.  -1.   -1  10. 1 0
      L1_SingleIsoEG 21		1		 22.   -1.   -1.   -1.   4.5  -1  10. 1 0
    L1_SingleEG_CJet 22		0		 15.   20.   -1.   -1.  -1.   -1  10. 1 0
 L1_SingleIsoEG_CJet 23		1		 15.   20.   -1.   -1.  -1.   -1  10. 1 0
     L1_SingleEG_ETM 24		0		 15.   20.   -1.   -1.  -1.   -1  10. 1 0
  L1_SingleIsoEG_ETM 25		1		 15.   20.   -1.   -1.  -1.   -1  10. 1 0

         L1_SingleMu 30		1		 16.   -1.   -1.   -1.   2.1   4  10. 1 0
      L1_SingleIsoMu 31		0		 16.   -1.   -1.   -1.   2.1   4  10. 1 0			
    L1_SingleMu_CJet 32		1		 12.   20.   -1.   -1.   2.1   4  10. 1 0
 L1_SingleIsoMu_CJet 33		0		 12.   20.   -1.   -1.   2.1   4  10. 1 0
     L1_SingleMu_ETM 34		1		 12.   20.   -1.   -1.   2.1   4  10. 1 0
  L1_SingleIsoMu_ETM 35		0		 12.   20.   -1.   -1.   2.1   4  10. 1 0

        L1_SingleTau 40		1		 30.   -1.   -1.   -1.  -1.   -1  10. 1 0
   L1_SingleTau_CJet 41		0		 20.   30.   -1.   -1.   4.5  -1  10. 1 0
    L1_SingleTau_ETM 42		0		 20.   20.   -1.   -1.   4.5  -1  10. 1 0
L1_SingleTau_TwoFJet 43		1 		 20.   36.   36.   -1.  -1.   -1  10. 1 0
        L1_DoubleTau 50		1		 44.   44.   -1.   -1.   4.5  -1  10. 1 0

         L1_DoubleEG 51		1		 12.    7.   -1.   -1.  -1.   -1  8.0 1 0
         L1_DoubleMu 52		1		 12. 	 3.5   -1.   -1. 	 5.    4  8.0 1 0
            L1_EG_Mu 53		1		 12.   3.5   -1.   -1. 	 5.    4  8.0 1 0
           L1_EG_Tau 54		1		 17.   20.   -1.   -1.  -1.   -1  8.0 1 0
            L1_Mu_EG 55		1		 12.    7.   -1.   -1. 	 5.    4  8.0 1 0
           L1_Mu_Tau 56 	1		 17.   20.   -1.   -1.  -1.    4  8.0 1 0
