   L1_DoubleCJet_ETM  5  0  36.00  36.00  30.00  -1.00   4.50 -1   0.10  0  1
         L1_DoubleEG 51  0  27.00  15.00  -1.00  -1.00  -1.00 -1  11.65  0  1
     L1_DoubleFwdJet  6  0  36.00  36.00  36.00  36.00  -1.00 -1   5.00  0  1
        L1_DoubleJet  1  1  68.00  68.00  -1.00  -1.00  -1.00 -1   7.28  0  1
         L1_DoubleMu 52  0   8.00   3.00  -1.00  -1.00   5.00  4  11.65  0  1
        L1_DoubleTau 50  0  20.00  20.00  -1.00  -1.00   4.50 -1  14.56  0  1
            L1_EG_Mu 53  0  16.00   5.00  -1.00  -1.00   5.00  4  11.65  0  1
           L1_EG_Tau 54  0  22.00  26.00  -1.00  -1.00  -1.00 -1  11.65  0  1
              L1_ETM 10  0  36.00  -1.00  -1.00  -1.00  -1.00 -1   5.00  0  1
              L1_HTM 13  0 150.00  -1.00  -1.00  -1.00  -1.00 -1   7.28  0  1
              L1_HTT 11  1 213.00  -1.00  -1.00  -1.00  -1.00 -1   7.28  0  1
          L1_HTT_ETM 12  0  75.00  50.00  -1.00  -1.00  -1.00 -1   0.10  0  1
            L1_Mu_EG 55  0  13.00   8.00  -1.00  -1.00   5.00  4  11.65  0  1
           L1_Mu_Tau 56  0  10.00  12.00  -1.00  -1.00  -1.00  4  11.65  0  1
         L1_QuadJetC  2  1  28.00  28.00  28.00  28.00  -1.00 -1   7.28  0  1
   L1_SingleCJet_ETM  4  0  60.00  20.00  -1.00  -1.00   4.50 -1   0.10  0  1
         L1_SingleEG 20  1  39.00  -1.00  -1.00  -1.00  -1.00 -1  14.56  0  1
    L1_SingleEG_CJet 22  0  15.00  20.00  -1.00  -1.00  -1.00 -1  10.00  0  1
     L1_SingleEG_ETM 24  0  15.00  20.00  -1.00  -1.00  -1.00 -1  10.00  0  1
     L1_SingleEG_HTM 26  0  15.00  20.00  -1.00  -1.00  -1.00 -1  10.00  0  1
      L1_SingleIsoEG 21  1  25.00  -1.00  -1.00  -1.00   4.50 -1  14.56  0  1
 L1_SingleIsoEG_CJet 23  1  16.00  53.00  -1.00  -1.00   4.50 -1  14.56  0  1
  L1_SingleIsoEG_ETM 25  0  15.00  20.00  -1.00  -1.00   4.50 -1  10.00  0  1
  L1_SingleIsoEG_HTM 27  1  16.00  57.00  -1.00  -1.00   4.50 -1  14.56  0  1
      L1_SingleIsoMu 31  1  19.00  -1.00  -1.00  -1.00   2.10  4  14.56  0  1
 L1_SingleIsoMu_CJet 33  0  14.00  23.00  -1.00  -1.00   2.10  4  14.56  0  1
  L1_SingleIsoMu_ETM 35  0  12.00  20.00  -1.00  -1.00   2.10  4  10.00  0  1
  L1_SingleIsoMu_HTM 37  0  13.00  21.00  -1.00  -1.00   2.10  4  14.56  0  1
     L1_SingleIsoTau 44  1  38.00  -1.00  -1.00  -1.00  -1.00 -1  14.56  0  1
L1_SingleIsoTau_CJet 44  0  20.00  30.00  -1.00  -1.00   4.50 -1  10.00  0  1
 L1_SingleIsoTau_ETM 45  0  20.00  20.00  -1.00  -1.00   4.50 -1  10.00  0  1
 L1_SingleIsoTau_HTM 47  0  20.00  20.00  -1.00  -1.00   4.50 -1  10.00  0  1
        L1_SingleJet  0  0 128.00  -1.00  -1.00  -1.00  -1.00 -1   5.00  0  1
       L1_SingleJetC  7  1 104.00  -1.00  -1.00  -1.00  -1.00 -1   7.28  0  1
         L1_SingleMu 30  1  20.00  -1.00  -1.00  -1.00   2.10  4  14.56  0  1
    L1_SingleMu_CJet 32  1  10.00  36.00  -1.00  -1.00   2.10  4  14.56  0  1
     L1_SingleMu_ETM 34  0  12.00  20.00  -1.00  -1.00   2.10  4  10.00  0  1
     L1_SingleMu_HTM 36  1   9.00  37.00  -1.00  -1.00   2.10  4  14.56  0  1
        L1_SingleTau 40  1  43.00  -1.00  -1.00  -1.00  -1.00 -1  14.56  0  1
   L1_SingleTau_CJet 41  0  20.00  30.00  -1.00  -1.00   4.50 -1  10.00  0  1
    L1_SingleTau_ETM 42  0  20.00  20.00  -1.00  -1.00   4.50 -1  10.00  0  1
    L1_SingleTau_HTM 46  0  20.00  20.00  -1.00  -1.00   4.50 -1  10.00  0  1
L1_SingleTau_TwoFJet 43  0  20.00  36.00  36.00  -1.00  -1.00 -1  10.00  0  1
           L1_SixJet  3  0  20.00  20.00  20.00  12.00  -1.00 -1   7.28  0  1
         L1_isoEG_EG 57  1  18.00  11.00  -1.00  -1.00  -1.00 -1   8.00  0  1
         L1_isoEG_Mu 59  1  11.00   3.00  -1.00  -1.00  -1.00  4   8.00  0  1
        L1_isoEG_Tau 60  1  13.00  26.00  -1.00  -1.00   4.50 -1   7.74  0  1
         L1_isoMu_EG 62  1  13.00   8.00  -1.00  -1.00   5.00  4  11.65  0  1
         L1_isoMu_Mu 63  1   9.00   3.00  -1.00  -1.00   5.00  4  11.65  0  1
        L1_isoMu_Tau 61  1   8.00  16.00  -1.00  -1.00  -1.00  4   7.74  0  1
       L1_isoTau_Tau 58  1  17.00  17.00  -1.00  -1.00   4.50 -1  10.00  0  1
