   L1_DoubleCJet_ETM  5  0  36.00  36.00  30.00  -1.00   4.50 -1   0.10  0  1
         L1_DoubleEG 51  0  37.00  22.00  -1.00  -1.00  -1.00 -1   9.58  0  1
     L1_DoubleFwdJet  6  0  36.00  36.00  36.00  36.00  -1.00 -1   5.00  0  1
        L1_DoubleJet  1  1  80.00  80.00  -1.00  -1.00  -1.00 -1   5.99  0  1
         L1_DoubleMu 52  0  12.00   3.00  -1.00  -1.00   5.00  4   9.58  0  1
        L1_DoubleTau 50  0  27.00  27.00  -1.00  -1.00   4.50 -1  11.98  0  1
            L1_EG_Mu 53  0  20.00   6.00  -1.00  -1.00   5.00  4   9.58  0  1
           L1_EG_Tau 54  0  29.00  34.00  -1.00  -1.00  -1.00 -1   9.58  0  1
              L1_ETM 10  0  36.00  -1.00  -1.00  -1.00  -1.00 -1   5.00  0  1
              L1_HTM 13  0 161.00  -1.00  -1.00  -1.00  -1.00 -1   5.99  0  1
              L1_HTT 11  1 250.50  -1.00  -1.00  -1.00  -1.00 -1   5.99  0  1
          L1_HTT_ETM 12  0  75.00  50.00  -1.00  -1.00  -1.00 -1   0.10  0  1
            L1_Mu_EG 55  0  15.00   8.00  -1.00  -1.00   5.00  4   9.58  0  1
           L1_Mu_Tau 56  0  12.00  14.00  -1.00  -1.00  -1.00  4   9.58  0  1
         L1_QuadJetC  2  1  32.00  32.00  32.00  32.00  -1.00 -1   5.99  0  1
   L1_SingleCJet_ETM  4  0  60.00  20.00  -1.00  -1.00   4.50 -1   0.10  0  1
         L1_SingleEG 20  1  52.00  -1.00  -1.00  -1.00  -1.00 -1  11.98  0  1
    L1_SingleEG_CJet 22  0  15.00  20.00  -1.00  -1.00  -1.00 -1  10.00  0  1
     L1_SingleEG_ETM 24  0  15.00  20.00  -1.00  -1.00  -1.00 -1  10.00  0  1
     L1_SingleEG_HTM 26  0  15.00  20.00  -1.00  -1.00  -1.00 -1  10.00  0  1
      L1_SingleIsoEG 21  1  29.00  -1.00  -1.00  -1.00   4.50 -1  11.98  0  1
 L1_SingleIsoEG_CJet 23  1  20.00  64.00  -1.00  -1.00   4.50 -1  11.98  0  1
  L1_SingleIsoEG_ETM 25  0  15.00  20.00  -1.00  -1.00   4.50 -1  10.00  0  1
  L1_SingleIsoEG_HTM 27  1  20.00  58.00  -1.00  -1.00   4.50 -1  11.98  0  1
      L1_SingleIsoMu 31  1  30.00  -1.00  -1.00  -1.00   2.10  4  11.98  0  1
 L1_SingleIsoMu_CJet 33  0  18.00  30.00  -1.00  -1.00   2.10  4  11.98  0  1
  L1_SingleIsoMu_ETM 35  0  12.00  20.00  -1.00  -1.00   2.10  4  10.00  0  1
  L1_SingleIsoMu_HTM 37  0  18.00  30.00  -1.00  -1.00   2.10  4  11.98  0  1
     L1_SingleIsoTau 44  1  49.00  -1.00  -1.00  -1.00  -1.00 -1  11.98  0  1
L1_SingleIsoTau_CJet 44  0  20.00  30.00  -1.00  -1.00   4.50 -1  10.00  0  1
 L1_SingleIsoTau_ETM 45  0  20.00  20.00  -1.00  -1.00   4.50 -1  10.00  0  1
 L1_SingleIsoTau_HTM 47  0  20.00  20.00  -1.00  -1.00   4.50 -1  10.00  0  1
        L1_SingleJet  0  0 128.00  -1.00  -1.00  -1.00  -1.00 -1   5.00  0  1
       L1_SingleJetC  7  1 120.00  -1.00  -1.00  -1.00  -1.00 -1   5.99  0  1
         L1_SingleMu 30  1  31.00  -1.00  -1.00  -1.00   2.10  4  11.98  0  1
    L1_SingleMu_CJet 32  1  14.00  36.00  -1.00  -1.00   2.10  4  11.98  0  1
     L1_SingleMu_ETM 34  0  12.00  20.00  -1.00  -1.00   2.10  4  10.00  0  1
     L1_SingleMu_HTM 36  1  13.00  33.00  -1.00  -1.00   2.10  4  11.98  0  1
        L1_SingleTau 40  1  56.00  -1.00  -1.00  -1.00  -1.00 -1  11.98  0  1
   L1_SingleTau_CJet 41  0  20.00  30.00  -1.00  -1.00   4.50 -1  10.00  0  1
    L1_SingleTau_ETM 42  0  20.00  20.00  -1.00  -1.00   4.50 -1  10.00  0  1
    L1_SingleTau_HTM 46  0  20.00  20.00  -1.00  -1.00   4.50 -1  10.00  0  1
L1_SingleTau_TwoFJet 43  0  20.00  36.00  36.00  -1.00  -1.00 -1  10.00  0  1
           L1_SixJet  3  0  32.00  32.00  32.00  20.00  -1.00 -1   5.99  0  1
         L1_isoEG_EG 57  1  20.00  11.00  -1.00  -1.00  -1.00 -1   8.00  0  1
         L1_isoEG_Mu 59  1  13.00   3.00  -1.00  -1.00  -1.00  4   8.00  0  1
        L1_isoEG_Tau 60  1  13.00  26.00  -1.00  -1.00   4.50 -1   9.58  0  1
         L1_isoMu_EG 62  1  15.00   9.00  -1.00  -1.00   5.00  4   8.00  0  1
         L1_isoMu_Mu 63  1  13.00   3.00  -1.00  -1.00   5.00  4   8.00  0  1
        L1_isoMu_Tau 61  1   9.00  18.00  -1.00  -1.00  -1.00  4   9.58  0  1
       L1_isoTau_Tau 58  1  22.00  22.00  -1.00  -1.00   4.50 -1   8.00  0  1
